4499
3916
5227
3702
5061
5178
4650
4140
4320
4762
4818
3703
4880
4198
4047
5410
5343
5440
5508
3774
4060
3644
4760
5191
4778
5217
5215
5391
5118
4425
4603
5125
5233
5452
3709
4877
3733
4856
5505
4666
3755
3745
5501
4039
4811
4970
4585
5078
3692
3600
4453
5493
3973
5299
5175
4186
5390
4336
4115
4557
4492
3764
4560
5007
4239
3811
4257
4172
3637
5079
4268
4151
3790
3705
4642
5212
5062
4097
4735
3968
5029
5547
5525
3885
4440
5239
4317
5465
4185
5405
4874
5411
3723
5182
3887
3986
4470
4327
4749
3674
3824
4488
5372
5274
5300
5319
4379
5546
4861
5123
4686
4456
4912
3879
5273
4774
4077
5335
3812
4510
4683
4902
4296
4166
5494
4196
3613
5071
3848
3624
3680
3872
4895
4953
4699
5438
3690
4800
4083
3769
4218
5445
4326
3684
5517
3633
3949
3731
5337
3985
4201
4634
4153
5535
4546
5045
5466
5354
3614
4653
4384
4695
3609
4925
4980
5473
4435
5254
4309
5409
4161
4365
3867
3832
3591
4900
4904
5104
4494
4374
5244
5360
4363
3606
3749
4142
4410
5449
4855
4713
4566
4204
3751
5187
4333
4106
3886
4246
5024
4144
3675
5458
5540
4983
5169
5444
4836
3901
4704
5093
4148
3682
4098
3681
5507
4129
4462
4954
5012
3939
4897
4037
4596
3941
5402
4064
4018
4392
4192
4663
4894
4521
4398
3935
3913
3688
4135
5048
5381
4987
4017
5184
4046
3602
5044
4271
3948
4399
3961
4409
4031
4812
3987
5280
4173
4236
5049
4486
5143
5001
4242
3905
5338
4305
4188
3896
4946
5034
4184
4444
4340
4617
4010
3799
4061
5069
4091
5316
4457
5478
4918
4835
4789
4113
3706
5224
4886
5259
4455
4763
4304
3946
4434
4095
4418
5395
4562
5320
5323
5204
3625
3861
4647
5102
3568
4791
5047
5414
5266
3561
4415
4209
4006
4549
4152
3787
4332
4501
5271
4272
4483
4263
3686
4873
4645
5456
4669
4561
5327
4498
4422
5023
4015
4947
5000
4883
4159
4931
5499
3804
4793
4205
5092
5230
3648
4608
3672
4668
4559
5374
5013
5067
5385
4664
4288
3588
5531
4396
3938
3753
5423
5139
5301
4673
4757
4601
4876
5522
5097
4750
4701
4471
3714
5160
4527
4082
3806
3917
3576
4367
3594
4350
3862
4834
3604
3981
4881
3963
3775
5154
4156
5366
4853
5428
4766
3992
3851
5451
4569
3809
4787
5446
5038
4169
5016
5521
4788
4721
5298
5388
4636
5362
3819
5096
4225
5198
4724
4991
4262
5073
5011
4648
5332
4719
4597
4199
4752
4572
5454
3785
5138
4086
5121
3716
3673
3777
5399
4479
4128
5378
4794
4182
4671
5541
3997
4879
5214
4208
4847
5339
4341
4286
5427
3621
5022
3612
4412
3632
4243
3756
5289
3873
4819
5293
5148
4491
5115
3802
5303
3649
5267
3926
4583
4229
4165
5287
3619
3650
4287
5090
4191
3664
4500
4001
3580
4003
3828
3782
3727
4124
4821
4682
4403
3701
3943
4631
4723
4982
3660
4245
4423
5070
4026
4103
5236
5482
3605
5026
4212
5168
4019
4579
5208
3555
4656
4921
3860
3627
4256
5514
3574
5543
3713
3844
5528
3597
5392
4210
3696
4099
4924
3573
5151
3726
4629
4085
4002
4234
4646
3830
5377
4145
4069
3766
3559
4547
5225
4437
5488
5442
3971
4530
4747
5167
5450
4065
4907
3659
4822
4450
5307
4927
4221
3728
5311
4177
4677
5408
3836
5509
4738
5284
4605
3797
3651
5172
4318
3977
4769
3874
4734
5469
4594
3855
4641
4487
4443
4715
4967
4851
4815
4533
5082
5159
4110
3960
3857
5094
4997
3724
4376
3801
4841
3831
4899
5519
4698
4211
4345
4347
4612
4783
5306
4123
4670
3906
4779
3598
3640
4965
3962
3634
5325
3996
4390
4893
3927
3720
4051
4920
5275
4133
5057
4207
3877
5467
4401
4282
4814
4289
3952
4447
3654
3859
3983
4616
5429
4863
4553
4955
5193
5206
4190
4382
5136
4441
4995
4868
4618
3587
4294
4074
4676
5342
4402
4523
4916
3970
3704
4506
4052
5468
5109
5359
4009
4691
5512
3929
5398
4033
4377
3730
4548
5063
5350
4228
3942
4187
5461
4249
3856
5042
4901
4986
5032
3740
4958
5498
4100
3658
5081
3615
4170
5040
5101
4644
4525
3909
4147
4590
3833
4050
4323
5344
3760
4528
4480
4694
5253
5453
5464
5315
4400
5281
4372
3629
4948
4685
5376
5415
3772
4882
5195
4655
4586
5336
5222
4203
4684
5537
4878
4672
3721
4538
4640
4632
5114
5085
4451
4654
4485
4926
3979
4649
5248
4985
4014
3565
4141
4614
4308
5009
5056
5304
4360
5207
5539
4574
5460
4771
5089
4250
4406
5283
4976
3982
4581
5107
3551
4864
4076
5486
4200
5058
3715
5412
5491
3685
3676
3552
4558
4786
3581
3858
4810
3958
4998
3931
5313
3813
5483
3732
4484
5331
5500
3665
5353
4729
4404
4657
3911
4490
4599
5131
5134
3691
5261
4852
5033
5383
4550
4087
5265
4607
4944
4252
4799
4171
4977
4806
4945
4291
5431
4394
5538
4761
4517
4235
5333
5256
3569
4551
4939
4388
4079
3967
4298
4866
3558
4542
3902
4802
4554
4407
4063
3778
5124
5220
3920
3980
5179
3631
5162
4996
5020
4261
4335
3998
4575
5086
4013
4541
5171
3890
4352
4829
4988
4111
3842
3596
4195
3878
5421
5518
4973
4801
3663
5455
4784
4540
4000
4337
4796
4385
4957
5185
4081
4405
5511
4884
4949
4260
5495
5285
3711
4080
4369
4130
3767
5384
5356
5188
5545
3908
4431
5149
4391
3653
3780
4104
3924
3904
5205
3670
4570
4433
5153
4417
4346
4493
5210
5245
4502
3589
3919
4449
4224
5241
5260
5503
3915
4508
4529
5036
5326
3747
4475
5369
5112
5129
4595
4972
4414
5502
5401
5417
4520
5043
3617
4248
5368
4362
5400
4416
5226
4615
5526
4717
3988
3839
3578
3603
3978
4241
3837
4193
4964
3798
4146
4746
5164
4117
3825
4522
4216
4830
3953
4007
4131
5470
4909
3678
5349
4665
4283
4908
5295
5077
4690
5052
3800
3667
3762
4621
5534
4157
4454
5396
5257
3770
5424
3694
3964
3866
3592
4048
3750
5277
4297
4322
4534
5202
5475
5145
4824
5156
3895
3888
4339
4831
4034
3820
4844
4837
4295
4940
4536
5471
3739
5111
5434
5294
4275
4773
4555
4743
5506
5100
5416
4240
4564
3639
3923
3710
4937
4639
4355
4630
3655
3951
3969
5133
4610
5347
4843
5209
4167
4633
4162
4219
5312
5194
3550
4351
5201
3893
5003
4659
3991
4495
4316
5373
5529
5098
4206
5527
3562
5308
4349
4507
4742
4459
4604
3950
4432
5021
5258
4765
5463
5314
3666
5234
4770
5305
4635
3620
3757
4678
5083
3577
4168
4938
5113
4707
5523
4755
4445
3826
4696
5122
4780
5520
4591
4078
3966
5140
4429
4915
4643
5524
5510
4247
4058
4934
4764
5231
5018
4971
5127
4571
5126
4163
4775
5352
3947
4515
4044
4519
5002
4137
5371
3965
4158
5228
5330
5095
3849
4892
3679
4383
4096
3662
5355
3554
5480
4736
4127
5269
4913
3810
3781
5548
4994
3636
4687
4255
3719
5297
4951
3611
5144
5088
4160
4688
4828
4102
5173
4658
3881
5351
3930
4223
4730
4334
5341
4290
3560
3683
4119
4358
5317
4321
3748
5087
3641
3892
4565
3707
5247
5008
3850
5530
4178
5019
5117
3945
4214
5229
4049
3814
3626
3803
3623
5419
3761
4807
4727
4053
3822
5031
3737
5196
4602
3599
5091
3698
4989
3816
3566
4758
4798
3932
4062
4613
4692
3628
3865
4042
5080
5037
4624
4898
4865
3575
3835
4935
3646
4285
4652
4910
5238
4545
4093
5536
4253
4421
3744
5363
5108
3783
5262
4872
4461
3693
4518
5516
4230
4848
3999
3579
4264
4969
4679
4482
4108
4150
4890
5235
4889
4259
3652
3700
5479
3699
5147
5264
4745
3914
4942
4959
4251
4197
4777
3779
4531
4943
3840
4728
5128
4373
5329
4025
5459
4620
4328
5386
4785
5135
3818
4845
5361
5051
4389
4306
5075
4180
3622
3784
5041
4966
5216
4439
5213
4070
4772
5544
5278
4448
4813
4041
3763
4094
4891
5165
4231
4850
4489
5358
4395
5068
4833
4109
3642
5181
4840
5542
4232
4012
3976
4568
3792
4731
4808
4354
5199
5302
4622
5462
5490
4397
5150
4589
5282
5170
4408
4303
4826
4442
4194
4509
5489
5310
5219
5246
4584
3990
4279
4458
3572
5435
4911
5457
5328
4820
5379
4576
3821
3656
5027
4301
4226
4932
4474
3940
5484
5292
5116
4705
5099
4472
4952
5288
4781
4524
4809
3937
5472
5422
4068
4651
5382
4324
4681
4999
4804
3735
4468
4816
3796
3900
4357
5232
4277
4016
4370
4120
3936
4134
5015
5137
3758
5496
4857
3582
4661
4331
4513
5050
4625
5345
4674
4739
5176
4504
4075
4680
4269
3808
5324
5242
4202
3773
4740
4963
4307
4993
3894
4189
3898
4467
4609
3742
4473
4356
3734
4805
5348
3738
4759
3564
4689
4552
4869
3891
4539
4413
4577
4313
5174
3643
5397
4906
5389
5443
3712
3957
5504
4706
4697
3608
5380
5334
4276
5370
4055
5183
4702
3925
4637
4371
5105
5028
4732
5276
4700
5200
4183
3934
4537
3827
3743
4974
5533
3928
4114
3593
3669
4215
4776
3889
4914
5252
4122
4638
5074
4378
3677
3845
4846
5513
4428
4138
4526
3995
4919
4273
3841
4176
4154
4375
4281
4029
4310
4922
5549
4992
4381
4496
4344
4627
5084
5255
4768
5218
4660
3880
5413
4419
4330
5481
5030
4035
5296
3786
4089
5387
3876
4598
3583
4875
3722
4427
3717
5250
3912
3776
5004
3871
5243
3869
5146
4139
4380
4714
5197
5364
4896
4741
4465
4126
5418
4718
5249
4059
3754
4587
5152
3807
4753
4266
3815
4838
3864
3557
5177
4149
4984
4233
4084
4481
5268
4941
4181
5066
4512
4854
3975
4220
5425
4366
4567
4862
4477
4628
4267
5190
4675
4338
5375
4311
3567
3553
4930
4348
4923
4238
3788
3795
5420
5270
4975
3741
4292
4960
4227
4043
4867
4067
4057
3590
5054
4028
4258
4284
4066
4121
5103
4254
4751
4703
5485
5365
4420
4797
4790
3897
5346
4782
3718
4353
4978
4710
4733
3695
3556
5318
4929
4329
4573
5240
4463
4132
3607
3752
3852
3610
4005
3944
4265
4386
5053
5025
4709
4164
4071
4436
4030
4514
4968
3687
4917
3933
4981
4072
5110
5237
5487
4343
3586
4237
4342
5203
4535
4767
4213
5039
4825
5064
4107
3805
4027
4302
5211
3708
3635
3910
4516
5322
4737
5180
3838
5076
3907
5474
5141
3974
3834
4860
3955
4623
4312
4606
4116
3883
5163
3954
4118
5158
4036
3989
4464
5477
4592
3791
4020
4580
3854
4222
4956
4280
4021
3903
4387
3584
4858
5433
4532
5279
4961
3618
5357
3668
4175
4962
4950
4038
5142
5119
4478
4839
5059
3571
3823
3853
4270
4563
4056
3746
5221
3793
5426
4446
5055
5014
4933
4004
4600
4505
3657
3870
4582
3959
4217
5035
4244
5120
4756
4022
4315
4626
3789
5321
4936
4849
3630
3994
3759
5060
5010
4179
4667
4497
4174
5406
3768
5263
5393
4476
5309
3697
4325
4979
4040
5403
4090
4556
4155
3689
5432
4870
4424
4726
3765
5394
5132
5436
4438
5447
5223
5157
5046
5286
4887
3736
4720
4143
3921
4411
3661
3570
5448
3972
5439
5497
4032
3956
3729
5430
4460
4722
4619
4319
5476
3601
4368
4503
4716
4023
4823
4101
4711
4011
4466
3884
5515
4393
3922
4588
5192
3725
3993
5006
5072
4426
4593
4300
3868
4511
3843
4469
4817
3846
4092
3875
3829
3771
4885
3882
4693
5106
3595
4903
4792
4611
3863
5441
5065
4054
3647
4008
5155
3984
4708
4359
3616
4871
3918
3563
4293
5161
5186
5251
4905
3817
4712
4045
4430
4803
4364
3638
4073
4136
3899
3671
3585
4544
5130
5340
4125
3645
5166
4748
5367
5017
4543
4827
4928
4361
5005
4832
4314
3847
5407
4795
5437
4744
4024
4274
5492
4578
5532
5290
4888
5550
4842
5404
3794
4662
4452
4088
4859
4754
4990
4112
5189
4278
5291
4105
4725
5272
